002603000500070140000501060037002009100000208000059710004080900605030400070096003
304850200109006070000407510080734009000502007000010060067000020090080000001000645
050020830030010460107000000085040000001900205700300140800705000006800509029004300
740021500602300000000800097006000075400605309901000020005230608000010000080504700
090423010010080000504900007320100400800002071000539060205007030100060050000300608
206403010807029005000008009040061000702000080105070006930000200000106470004300501
001023005004801000200500890060040300095000100020700059009106020050400008708009430
008000006000200175100000320302654010600000000084030900010700200037590004050862000
093007000500040100000806200004000980000093012050700036702650008601020740080304000
001000609500801007780000050020403901900006040050120038430097000006000000098600302
703100089000098400000600701850210000000065970074000100040000000900803006185000002
530000040008290370090005000040650002803100500760809000006347050200000807001000690
041032706000057900050600020020416030008720510000000000700940000890060001405000280
000802403010040600250000070000604300809070102000019080740500200000001960036000051
956200000003060980000000003200009670007841009030000051004083000010070006000400325
000010090049000802200300007406050009010060080007204005070800000905700620180096403
301080000600014307700029060465000002000402903000070080009000008040003109007601520
300054090250890003870000400000906107400000200061000030100020750035060900090100048
017400000800050600009003172400026000100009050002170009050200038034508000080900760
000270810003600090907004005100068000004000700600015389001380004095040200200000006
008043006057001000000650890709020103000004000325080600003000749100900208080000050
400000306960057000005023070010004030000890407008060501370009800052100040600080200
001479030500010400009803000700001003600020800045000070100037086300060200270190050
500782006069000030000093200421000005000900080070130000130400809605018402007000500
000602000003007104654803000001005709070091602800004003028000050700000491009006070
000847000180000603500006020000600000400005179001300050024500310600020080073091005
900100058000320090070000036050070080020800700600034000008210540400006010530908000
806000503070000200900517008200090340150000000008060091080629000004030602001800007
001007200940100080035024006090300018500000000870002650000200000400050963067038040
000900760076001050000080243010800000520700300703005910008046500300500020140003008
982470100701306000000000000000000600015809002600021500200004050004080376309150080
170540200038900500002001007050006701200080030010702008600408093700000650009010000
300070109008400360070009045509018006064030070000050002010290000006045000000007803
900001030504008060002900007000085072027460000000300410060000100080702390000830054
060100300900600017070040025030078060009000040400020038850203000704501900301000000
681000200400005083005010970050030010800007060004502000700093408002060090030400007
004000700086594003300080000470020300009105006018900500000000042853002009000867100
680003500002070009300008140030560002490000001006007830000819004027030600001020050
200700059900130270840000006001076800079000504002503000300020100154907000000040080
040600189000470000060200500280000600006530098030001450100080007009004003870090240
260500008004000100713000025500003006907040050020090041000621090005034800600700300
020100900050083007806000012008004000030005740460090001700000620040057038193600000
060900400500043800000000005617002030043010000002078600008706002070090001430500009
000080310001602950850400000086001007020300105000000020500837600600009002943500080
301790500420000610700000090000016309976200400005400800004320000500007020010658000
954000201600210050008300000010908005009030800200604700490800062000002570300001000
200000000090407080043120009500210730709006005001008002408090000000074360050030091
100000905070054006042008370093000280010270500000030604005000003700090400986047000
009501800056090010400020300020300700008700095700004000007013060800970504063800002
000002451704095002300010800403000007109240500005067000080006700000900014006730090
000106000649200003300000870007002039106509042000060050001003020980700405705090000
900700030081090600700548002640201300030004005005083070050000806002069104000000090
006080315200010008004500000040670520310200400007005009009800062870009000000004903
800590100103604890450003000000000500000906024000731600020070300900800060004002017
800090005300504200000200180007010600000060090250070004095007030401003702003648050
001600000003008205620407080400000072000240503560090100800325700017800300000000009
003800070000309520000060109506002000089500010420070000700000604910004780260008350
900050063007008100300004020600700400050090082042000609009600701006201050005040030
040960001002040086960008700000090128100050400300027000200304060490002300070000500
004050080120090000087020060931200040000300700000608091200034008005000007300100602
001004000080025000007980210816000000905071008000600400003040020670090050200806039
000000500160098470080406200908000314732000080400005009001060037500029000040010800
802060400000480030050100000506090007100028900090007325003000516000701040940000200
600200074000090081910504000892007000007031090400000068705080043300020000000600250
000001000970030402450000690009580004067090201043000089020760000000300520106004000
003006001800020309905040007109463050020800400000015000070009000650700800000104206
203800090010005006009004870305409000098610000100008030000071020000300769024000500
900081050184000700052906300008350001000000000600200940000100467010072080405009020
073500020910000000060407005509001800000062000340700010008095046007200300004600982
002009635000027109030006070040060003007200500206010904009400010061530000800000402
500902000183050000000004078010020040640300200000097051009860030400000800020009107
005700008000629070010000390100034020067000900003800054380270005046008000000540009
800002570007006091100095020060080430030057000701400900000070006005034800924100000
009068000600000079000005402301702004090010080204530000020001006037400090500800301
700030069205008400006020030100005390048210006500670000000400600073000080490000170
100008093096000700000400210560040001208500000000200360003790050801006040409010002
070001840800090053200406000036000005020070009985300106100947030040000010090058200
910420000003000040050630702089200500700060000006103080070040250400857310600900000
001940072730000001500010600080000200046009000203860105600003740098002000000580003
640800100500070003001040060320000084000000500109200300060007800400508027800613005
007008005209004071068200000820001050000800437046509000090000040105000608300720000
000300048006007900007040201039400070200060380800250600052980100043602005000001000
003020040004059007270600000850004710000000004906301800000708390060290001080030502
467000200010060083080010050000000308820107090900045000000200907503600401072300060
704850020000090683090023000012607009000030060309005004470000500200000810000012037
200000005310029000097100400000005372100208000000004060049070006000503098708600104
000010090702000803000209060070943008065100000080070900800060502100482700400305006
300000010700954800025000900000890000201405390470030006068000730000603000007100402
000520000048009270160700040095000310700018405300000060009005006000607000083041900
401003008360070940700050002004018090590000007000009080070400600000320015800060003
905001060700080400602003005000070253000500180010040000009206001054900038003000720
009300080184060000027500001700100600030240007600090420010030092000670803400009050
100072600004005210000690305208109006006200830050040070702000084000000900903068000
000160009000043000087002003802010540690200310005000007230004080060708024000900600
610300080000085076002001003000070004407006050560030012008020400370004901050609000
100460002072800010800010000009320540050070080360000009021097030680050207400000005
509000360007240080148000500000002410600038002010000009000483100000076200005901076
020903070400000500105040908008100004013090087900000030070016050081070300050402006
208073015050000207004000600090600700500934001800000020900001400007050036000042508
010348069000001073020700400300100008040057000002006900094000581050200006008900720
020100030703094100001080092098000070300000614204005000600301827400078003000000500
020000800800010063914008002001050900040200000036704200000560004000049370075000008
900703010000008604007600200300020087045000000060057030000000001590800020034901708
050108307030050206208000090070501020902007000400630000000840700006009400080003051
002060009000040280170003600904100000600000501300872040090000030001409700408620005
000000602401860000095024700080051036700003051000040900060030570004970083009100000
200001040003570200080604530064050078190000000000008604900400852010003000070800900
050710400906020300002340908103800000000007602070000005800060097000485010020003060
000406051000010000390280400046000720020041030800907000500000903004370500007802006
008057016170090000003084002300002800760009000005003940901400020020000075040608000
600012800004070035950000000040050098210030600087200400100000020000005901730094000
002040009183000006000530200497006001806020753000000000070005900500103480040790010
070900500000041003000000028019060080302807100000053042004270000805300609006000010
206300007005090410403780060000600020948000006500071000001800030000400200600002795
107206000240008095003100200090004007010683050005000301000000069600052800800709040
365000000000008327000490010230007000000010090706900508081740000500002006007605084
104009000090006357030000000009800005020010730006230040500080204400600003070052860
009042007003008604100500300046900780500000000020680500000007006081025003702130040
200003795300080010040600200900000060067015080003704000104500000500092100000830049
600500000037012800010703409060004207085000300040107090104600700000005002029800050
500003000060002401080100095008007600240000900073416002090070360001050208007340000
000200000070035860900800021001608400730090500064000000850007040020100053600004709
090000007306005400100830500003000020842090006000700810400270090200009148005610300
000042010500803000406591007001084000975000038300000062009005300020060970708000006
008000300046201000900345820070938100620000005090500470004006501000007030500000600
000024030680000005005300907000050100030748000409000600002931004517000080090000260
000809040064030050000600320045703600007004000830000900000208500506090012301050700
000096000103400200000830450720009086064007005800000010030752000000000030285310090
005210000007009260030000000020603800904020070600098010300001785008050000706040093
012090040600042003000501700800000400005820960100603008080400500039007020500009014
904028000328007060100000000240010090000500137000069008090000570850600009006300402
620700001003005000005480390008000002019200007000060840000924060300050008740006015
000813056950002810000007400080906704500300002300041060020000085040600300106700000
300070500002800000018009060160040350400720800003000490500300040009604020070580001
004030000070800510205006009003901675060008200090300040600000004420070300107502080
002008009940700308000005460003091250050040701680000003104060095700000000006380020
050406000070050080060700049207000000300000851001089620408900170000007093000521000
003001050000002001680470200070240903100000006900038400040500008062013007700800090
490630000050008004602001700023070049500090100000006053007500000809000430060100280
090060803007001042010483000709034000040000090260017500500020130036075008800000006
040001002008030005060297000372010000000005001009860040900308070001600028057040060
050400670090080200080107304006020000000005001003040580000009060175260009004073002
000020503000004827407000100006090008502800910080300060009407200000038005673001000
067000031004600820300800570003070090200050710040006000000280060072940000950001300
320001057000008300005000640657200000800640090030080120470020089009005001080700000
030871000600400021470600005390020100027000060100300004008709006900005830000100050
520000900000600038008130402357000040102560000900020070000041029000380017760005000
005900004904300120602008000000590070010006039008000602306000040000025097000410805
400000930097000000080540010001300702054086090200004086100020600005670003003900170
060517030509800006000030420208704000000080057701003890004090000000600100813005070
000003004900028600608100790107500080009600405020030000010090500540001073800405000
590000807004000000810094050000010038600270000037045009200650000071009600006300420
300067500200000003090001047071025009000070650900080001702004106065000400080300200
000600079470510006800000300790260040001005080002034007000006030953020100610008004
007001260061050800309004010400008600920300000010600543000000320800709000070520001
001508030060074010200010009005040000004163050930005080683000024017000005500030007
026078040501020009030000506300005100019200007070080260007910800004300015000004000
501409002800000010009306080200600005005040160003005008060100209907008300040090050
090051006000307000005062840400690021510000364002000000620000000000010078370040500
370500100000002000000084026080000052100063040047900803200401700006230095854000000
045630200100020050070018400004000190280470060009250008013090800000000006090000374
800003150290040300004008600035600000020137009000400708100905070006000210573000040
006300009078040630090001200040175000657030000000400090503002040000000180200860750
054109000308007040000000602106000035000900700002083900007065400940078003063000270
403205000500900207010000060200000000097000810801047500060081300050720006004300098
000000015104932006007600300600080702000009000380015400970026001000008000003140208
000803000000200009900001503039600082580400670407102000320047008000006007056000130
906100070050006800002045300004000037100080002500630100308050090000800214600970000
190070400000038005050009160000600012080050940046000007609300000570002080300417000
000040093000010400600908002000005600008730020940800300820006109000500074017300580
306720009000169020000000000002608500740900600018002070250000100000543090490006830
008000600530127000479050000090000204620390050001000038042070800100964700900000001
000200400270080063031000509600194007720506000043000000005301000000400680967002010
000080705250001000030000940009408006076000500000170009540003600003002017600907308
002080700346000000507010390720000530004900810009750060060800201900130054000060000
040000000306940200108002035600700000501060040003005901034090006000031802700500000
500802001097000038030001406000250000709004080003600107060000703002060040810090500
700420500063000000000000498902308010000000007800046305040059706006200000105703802
700003406000609205035000001940000000000002810000087003450800300206050079091020040
006071400340590710100030092000800625007000080010006000504360008800002039090000000
008000460720103080090500000470000030035600019000208500300400091100070002200009640
020060710000040000605109003980020054310006208000070001700090800850204300006000095
030820501401000807006073000790000085000080304003006020000052100600400003072010096
000710060846000009001000000065408090020030010980002507230094051070300006000000420
000075013086040000000003240004080000605200900018000670001539000070400060240001038
005406300086050040090300002000060050003700894854100000629080007700000000000003219
900306805018000000000200970500400703002005090700100600690030020200509010070804300
000000000270004058096300701935080600040020080000730004064900072518000400000600300
700610300020000006001870090090001000268004000000006584900003107010020840347050200
000008130300006507001002600048020000600009003050070029090480000507003048000010256
009200006836001002200000490021086000700050030000040805005000000060700314040039508
200000648000000005700514900030090760060080001004700000800100090005037402012065030
207000480000306500086007001010030042800500700964000000402900608000700910301400000
504007008000006900076300002060020470300090001021005609005008200709000083830041000
001594070007020030680000500070000024500007610008960000809105040025300100040000760
052000067300000081800364002500930006000078000041020900906087024070106053000000000
000002317910800005400050060000036200500007090002400001206000970104670030095308000
600040800850160300001809070000008009900300407034000520007500901280006000103000002
000040100058700064003006000000600007910300025300200940709028030084910600200000590
000720900960300708071050000300801600000070405400200039005000004198006002030000860
000320806005000490000007200060019028090003004020084150100070060900500000470096003
006000000024983010500012704200104003038500000690000075800030000009007060007860041
020080050035064090600700001041005300260000070000029800900032400000400516700800002
802041500000800203700090008010260700930004600000905040005070004400580370690000180
002096305804000602950000070000108040070000029005200806090360700000040000023500014
020893610000050008003000042000200700090040051310670800008006409059001020067030000
005380067006020050000009803400060100010700302259008400300094008000000000180570029
402058130800907400000000906009005010006040705120030000004000028057100640030092000
100040080090000720003102000000270806007005302045060090300481000060309014009050000
100069300079002000800000105700006008560080704000010023203000507604021000080400000
102300400063007050040100000900015030000020098071800000020000803008439007050006004
001050000700000200052098006000640071400000305086071040070403009009002100138007000
408060057000400600005290008206708004030006170019002005027000480000500093003001000
003400809090020060001008754080204006000070980209001005060007500070050001040382000
000002075940000800003000600004600080705840090062050310020306000006080100080097402
010040009002300407500026000307002805600800302000000910009008006400710030708405000
200180640095020000008709003006050001001200305300900784600400570020010098070000000
203050006008000097150068040000402350800037029009006000070800902000000001634010800
020006000090070105043590800005000010082005640000630702000304080760001000900820000
500610080700800200038090470080230060140000900000060005060129030003050700001000004
002071000300806007000500194007680000019000500000010380008034960050000020600709041
004100500000020089000873000170004205050300400060900007046090700030008020009500810
800507030003009000061430500206000900050610004040020800900840620070000001010305490
001070000063009100005300084000006000002840950307120806000050701000703020040060095
185000600000720800600000903059003070007902301006840002000104000031000704020095080
870050090106003280000004100000010450094860000050700063080600010900020007007091038
008320010002705300000001056070060000906200005040500087000987000805000003010403090
000091070050003000300042908000780310002000005734000090806200030090016500547000001
087009020005036170009020040600078000004010206002000580000560300090084001030107060
409010030030200650700890002178000900000060005000900213050786000302000406010004090
002400005030020800000036704680097040001000530074102000200500070590000008800071906
020970040704000001680000207050008104000200890200105600091300580000040030803600002
090130500200000800001007060046051098900860030300000040057009300000040021032086009
007300009200005604403006050030500980000000710180690200876104000900003070001020400
700009300034006012060008000603000500052040086970000030500690000001070020420530870
200051000907308400005000200000640750080000901004800020003000070050960004842030560
000002597391800000000400000407208006008100023060095010000070840104003605502000100
900010060470030002020805000040009500605400023087003091000090178000604030002100009
702004100001500030009001768080030040000000020300769050007208300000010076510006009
000490600090000008132700050006800734009200001710004800008130200040050010300600907
078060000004032105300400090000500000410090600006200948000005870080609024037100060
900000100030500824608010003270406300053082000000001900812090005007003461004000000
000291450010054000200300900400069280000005070070000310003470506006000028789020000
100086320002004700900300080500403607600502040073000009009700105010000460830010000
086000100501007300040205706300900000064002590200100078800003400007400001090600002
000570020790000805400300190200050600086210000059000043000436070031008900070000082
000013004000000026030596000100730500805009000000040017243070800090000701706058003
095010060010000938600004500100068450007003002000250090008300007200600000430079800
003092000060001000200000087042080001690070050080140709800030410930605200500000060
060000900970060004054002810000400005005010039003020761280901070000070000041803000
000300620009071004008050000180000007070012850035600009004503000260008300700024900
040002007700860000803019600001070006960000805000400320107005402302000000006030509
370002000905400000800500193010047060040060900030080075006000000057910840000008207
000021809000000040306080057203040700760200180084009000520400310908500060000030000
800004000090653000000029134080000047500010028207000509450030001030080060006205700
004060010800502040036000900090078000080004050000100230300086007025910004700300196
000010902006000004580000760013800200870106500004097000061203090040700100905000830
000950060109000000046800702050000204720601009080070100010709000300026480200035007
060800001500070009080041760200468010070090580003100000000709600009000002051306400
930420010005070384006001050007002090040800001500003700109760005080109246000030000
002700900000580460070610000390001804807090200006004003000006100083100002020030759
300610080020003000570900060008000009009102048430050010600004200000580900010030054
000800100020076040070902008300000504400100790760080200100430050008009030640200000
308900050450010060000300400076000300009870000210605009040002607000004102760180090
601500073000000000504309000280170040400098507900005010006004081700003052000620900
800000720007500600300402085060004012000003900010258000902000060080007430701035000
009710400000003020058004910800037004100502870062000000030900700204008006001200500
201008004690000087750000300070000190005960030060402800103200050000794200000005008
406200000509087046700090005090160004020030007000002300000003708875600009000004150
003429000270600003008030160600008000009104570801000094086700000030000705000295300
004009078030005200000178000003004060620000050010300097500020086060001400900080701
200100087085020069100005000000009302004260050050401800570080000306070910009003400
070000000002500831090486000600090005000200400304058016000600708030027009018000002
070809102008150430600000070705900000000046080020010305540200809800000000967003000
508206070000470500604000092700063001000801050019004008000090630301007000042008000
007002069105680004400305000000700000003540206870009030020000000001000852040061700
010306000207049106004050900008020000620710090000008040975000203030080600180200007
300900006600000040840670001094502000010000058000400027060051000087060035120043700
804001250000800700000094803105040008090050074007106000600703015009085020030600000
400005302015304006000087000900800060001200043630090087004000050270000109803160000
001634050900210040006007801702000300040100000005043980070000465000069007023000000
920048000000000543010670009006309080504087001030001900000025000750004610008100030
004900185250007900003000006600090030105400200000032600070040008010300009900610370
000000030006100700800090054030940000087005900020036401210000007000050029043807006
009062500703090000580700402940080000000139070000200065090004201068301000000008350
050063000004050301100070020703009040290300850640000002507018490009000678000400000
200000090608310000354670000071000450020008007900400200000004830580906001003500006
004001800200307010006200703960070300300092005100000640002015006000800900051400007
098040000000000790040102500300070980052900060400068023706080200000005001210030046
000307109397060400064080050000000902420006070005801003701408006800002700050090000
900000003001005624004701000090167080600008000050420007040003009002890100300200045
000040210009570040600800003050010600300702005010608070580409002270030008400000060
040090012800500907100004800010600075000080634003720000026000000500370008000109503
003910000200048150600037004097000820000051060365000070040006030938005000500280007
700038042002150000061020309010000980086000025453900000500000708000304091000060000
800621000750090200000000034000810009237000801000002605104080700000059008006704902
000160708200900400970004063000080109048003050530006002005040000063000000410079500
058060400000200090190300007000600030207000001010780600006027019004810005070053040
950400000031000007004805603200060805087001000010590004100350700000009020002074060
102000906000500872000300000900000253004000100506038090600040025080090007470013600
010009000800760400000000310603080000204000807000903200950600704408500060000210085
308540009900800230070000085090000507000006100105000362806400070040070000020961004
090850000065040100073009600081000002300010094006702000000070508400001027020903010
970024010010000604000030900045009008030701560006008200200010070001506000400900053
000007004050060800694080503001796008007003601400000200032051040970020000000008306
009070160206001000000020743400090050802106970090800300005400000000015008130780600
007100025030080614020000000056940002310600000049005800800256070070001980400000003
800900040061702005070100062008000034594300000720086500000010007109650000300004080
000000001820900000713005084041809032300000500005207000290046050064008010000070060
900060014384007095000000000100002008000500200076900030002053000840071900005604082
070059600010007032305080407830041700000026900490030028007000806603000000020000010
009300081200104500076090300700000010004200036000800079030040900800620000541003062
400790003120400060830500000000280007003000100098000502001029704050003009006070038
500406000010083000006900704758300400040050090030020600900030015300042006000700008
097038040004000000860140090608000901000007002023005860080090305500400610100200007
005026000300000100002194008504010060000009704800063090000700030010082009607005080
010400030000302056004070800700980102009000005308040700006821000050006014200030090
000730200059000006004560718300007890097650000001080030028000400410200000003100560
070260500004000080002015903903076001000090000850000040100009026067003800490050030
002070180050203000791006040076400300800001520000080094207090050300100609004500000
890632000030800700004190000200060040006780301005000007700010680003000405401020073
400008200006307000003000901900720480007910360050000010090540000600002004210630050
004000279005000000020096350070402001000005630896700040087013000001000060060020408
003200801000340057060010900032080400940600000150000708007060100010597002080400003
000803510026000090500109047000000068017040300900200100240790600070006082009050070
008510700060023904009700000050007600426000800001090035015000406000038072800400010
050090378000020000600004009002700140031068500007009020040507002800010000093080605
096052010000000480302700609010060000000010978705300000060008704041506003003000500
008010003200008005041000200000900070930500004685004090120090647506000008000370100
003200060700018000420700390900804070002000085800026000008400023057003904006100007
300460000800000005025000091903700050006010700010080043407009008200304609000608270
004007125050409007600010003080300762007080400001060090200093800000008350900000014
010206409000000005450073008001840000375000000000000092026007000080100030700004086
900002015603010040010480030007003500090200070000640800080000006730001090004075003
000400803942800000600075010000001209409306000030000700060050004300280105005030908
086027090005000064310009070200030801000060030009005006021400700050091000704006305
301506080000090500907010020640900003800200005090003207000875140004020070068000900
403029010500007000090406000000000406000502030008630097702100500360090078000048302
000400700013850000002000685400600090090000513008907402800729000100004020060003904
450000800006000471020780600000070090009045000070013024095000007201600008060308205
500407000002009086600000710000300041040005960003180000470002030815070290300800007
000210067108400050200036009000042010009580320000700400400009502076000080003058004
000041023700000190940073000070050000260000019300860005038500007000010206050004380
023006001460000000000721040906083070840000100007050609000002008095070003610040500
000000209120040000800100507209008000040009753005364900360700000080650001070003680
300200087617000009080501000800000000002709030594032060450000001030860200006400053
300000000200950846050128000100000930008047620030800050004502190015406007000090000
530000080018250006000109030304800790000406021090007000000061050406005003000900207
900050030001860200074001000026390740130008005000000000087040000510600003400207068
034160700600000100800050902060024005372600009001398006000000080000072400509830000
590007000000028400000600380250170000010400600870905030030000092942050710001000004
006000070030618050841000009010045200308700900500302000002050604900034820000200000
700590000000804001056020030070039020010080007408700500002000900300056804004001063
003500080000000709050120400800710030070049800500006002140802000608904100702030000
100042000000005407870091000200107008090060000000004532050370096907000103060500804
308001090090008002061070080040050060000004850700062300670003000800200100512009004
400068507090000620030002090001405063007200100800007004356014000000070000009003805
002009003050600097009540001860002150040000020000360800305400700210000008084091600
140007053008200004370400090600800000000005039409076010001900046025000080000031000
043002009702001060000390048108600003035700020000950000001080790600075001420000500
000001903006040000084030057030065080005920000670314000500800700900000034020076100
400100007051070020000938010062010003000000590700006082070060000089400600000293074
100308002009060308040700500300410007004036100020800000400175900030000650008090200
046300200003590000020080007100200095000031004460800100000970862800000509050400070
305060140820400097000803200507000034000010800090600070060089000400107900001000052
708010020002460503450070006300700000045300907000890010009000600100004805680209000
004510003085004090000000600520008341170062980400000007000320500019070020600900000
084603000201080400503000009090100076000420081600097205700001030800005007005040000
008704030005090001000000672500010003400963000002400089079005000030070024100800006
000007060040080900003500040902730400060009010700600830816290000070460005005108002
090605030007400050500000980005000204023970000000028013400007000002306071806001005
500076083321080900070000020000108706060035090204090300000040000400002805018900070
057090062000038004030065001900002048400950030103006070000000090710000000009420605
000700096053080001010630200908100760370900020000405000006500087090040500021000043
040020005050010860072003040000940207001008000730600090000007083000030504620005010
000000000052300670000407801870003260900000503304006180000850090403900000006001420
000109050850020700940005000003600019514070800000040000000200038200010060179008540
403601290520040007000035006000500000070006102041000800900300700758000000060980041
090270604570698000000000000007100300020085009600002170832000040000000910940536008
020089734504020010000001000050600980601030000030057200300062005800700690002000048
309480000500010004007069100000600000901005380002040007004007903800300200000150670
000000208918500300300960000002010043860004702005020060050701000670009184000030000
000000030720006004060842050000180705005003961900000000046930002873500000500010048
400010700109830000563040800050006000080000601000290040007500938001700024200409060
700040020000807401090006830400000709680000000050061380002008050301602900070903600
070300089050000620000045010290008003006730240800010005085061400004000790100200000
300100069000047000058002100001070004005200830400569700006001090970080503800030000
070620100140000207009000003800007009004086300030205000000500068750300910092100400
502030000987001004000976008029000010040300065006000003000254700014000900800600300
000000369000097100800201040300040502098020000065700034100600000050030280620080017
030906400509010070407020603080150700074800560200090080106000200020380000000000950
080163000002050000390000007005000043400970028609080000001200504700416200030007860
320005060000000007590100084060020805405760010010000790001870900002000050804052000
000200070100080604706519020090005308007364000000920500000000001002000956903401000
103009005700020049000006800070410020501080700200930050000060070925800130630000004
000001560563000009000002084000004098010076420200800001370005000004680053809020070
036000008800000207002510034067090500004602900100300000503000700001040082920107060
400003570005600900803040020320000007001508002000907304016000080504206030900000001
035007064000500900902000801006900070800001090704203010081465000000020003620708000
080000012005000900307950600024080000506071034030060090042003001000706009008014020
003000704020530000079002008010048070006703000000960052900004010802005963001300400
054008200700905000010004607001600370900030080060809400008000700200047005003200014
003008700070010092824000000160050007400007020000406085700085301000203004095600000
000009085095200000861000030680700109000060307203095000700020048900057006012800000
082000000106807009000520063030600051507090000018040006000900025000308100940050370
003000896000200700800956400200040900007002001610000380050301600002490000100080054
002008000708920005000674300050000007060005031003410090000260050009300708010007240
000079801006100004003000520470200080500498600000000002100003050302860700004507306
040160508560403000800900100003000741718030906090002000000000009609070052000840070
000013800960070005035008207602400013090105000700000408070046020081302060500000000
709050302300000000080037100000401005204600080060905070040010609093000007800000020
005000496030098002100607030000005010080000020009416007704003008500721003020050060
567000030009000240300800105812060009000002670000900801090600403205000000608307090
057300160040560020009002800600040000100709000700000213083100900002950670000024500
000682009504000007090000300027036090300074100000900050070300620082705000005019804
018600000200005609094000570002780010907000003030029400005006302300014750040000008
050927800003400010002001000200060487069500200010300095008604300600080750004090000
204090600000008207051030000078600300900402000160900005000510039800067000003000740
700300090610040200500801407006009004203050000050100800000008002090620035407930000
009700600200050004178034002340005700087006000000180009000008030030920050006000401
000000062090306100000070800020084000705010234600005090003050080004120603018000907
670800309010500007300090065050400020900070040060082000000007802702609000004030500
647380001510000004300005000400000906000170800752600003000046500090000032060230090
504080000107004900000000021600190840082000017030850000050200300009503072000040690
047060000500420000306050010098000000601800720200030060010000086005900307970004052
003000200010800934946010087000067050370500400001900008000690000020040015450003070
000900006080005170402706059800050024001090630950000000000103000036204007720000008
001004907000000803603809024020150000305600400709003000296008000800271300000040005
304050061050308004000002080025903000060000897801674000507000400900047003000200010
000400500208007360100003070050600048300002000090054702479201803020008010006090000
470200009000970046000085300045000090008060100360008002002050070600001405900730800
300100406001027508000049300000960820905001000620030000080070903230000750506000001
080040006900800050070002003506090001027050080004301200640100000008900617000005902
000007008540906010003020690028000039000000140360095000200400700407008023801003005
002070013089600000100000560007832006500000304001006087003904000020008090400051200
001670000300054610806100002000800027107025900048000360900080000002030470030900050
008003079300902600040050003067000010100800405050049002000628001009017000010300200
000580200100070000806000370020000910030004086900018007204607090500000004010050830
000060000026009010809537000000082047045000100100300096300790462600000083080000950
310070065905080000040001800800030097060000002130607000082000450700004100000290036
900230007800050400200007905060890073500060000001504002050920060024708000003000018
035400060200800000090056301600000834941000070000000900050003009000024607860009250
000000009702048000001623057600304001000760503820000000280000105030007400010890600
000000180048760020300905000195420700800050003000670000900834002610000054002000900
300069080120080005090700400007918020009400150000050670043007810060002000002100003
000618002970250000000004060507900006132000078080000104003800509205076040408000000
210080060700052903000003000400206850090070000308000001020008095150607004000490610
300000741070200000906051000008000306000304009200076050720609008100420900005800430
000204000700600100060000385003901006070008400002000051400370000108050023500010960
000072008400681950000500030040050387002000600090006021870000004010003060025940100
000308100905006000028040007000070319400002000601500200000190630580000020090203075
907045000010030060805201300600003090003500010401809005000904008002000070180000026
800250070420900600309107000170002350008000020005483000000005009092006004640700001
040080003950604002600000100702000400000736009080000500536002010001043906200007008
136000840700040002020500300000800607045020000380001090070200030004080510500416000
390000002500087000086900400028005073100034026009000000260010804000300091005060207
007010862008074000002030900509000720080500001000006300010009005200043600060800147
800079250015006400760480000200304008050000093001650000087940060000000100039017002
002000001000004908053708000700050640400803000021000090109300507080906300070501060
000903807810000052009200040600028000030070001400609080005004003002017604090000500
800470509750283006000109000000000640200005000600000107001502830004930200060041070
040020907009085610050030002007106204400700500010000030100800090020500300790004008
150009380007000000003201060012050900000903007600040058280300100900060040004708509
080300100050160000000205090416900005000007000703080420800600049100009206904030007
070300000800070091962080003687002000003800900000010400000040712100060050005930048
401002306900760004200408500000000900035809207020051000610070038080000605004300010
065801009389076002000300040200743000500002098010000030034090010700560000006008000
000680000073900004040710062082000400005000910000165000038470001920030800007020095
400376010063080000050100000000060302080024000090800070001009406200701038905040720
300209001501000004080700050020004800700930406009060270800005900130800060070020030
004803050060020070000705900030090540520047180107300060000000400090001000286900310
300050900060102040500749800094000008720300009050016000030027015000000006401500700
000000053500800210304092700005003690062010000000007802100070429009068030700004008
600030087000007092903100050480700000050264009006000003100028406000010008029400500
040601003009030000870002104000405017000010650006308020064097200080500900302000800
010530070400800095069700000007056023305400001080090040890001006002008730000000400
000009100140000036080042700910380000070000800000560072400720091060900400003400625
014300590080007600903008001079000052002064800100200007050102004400680000000050730
016500007900031040070000230000000902408050100023800004105380000200690008040007360
041092080060040025000008300080730000100000009759460000200006103075010200004083090
000204105050890030207060049008040000009000260703501000010000090004300508080672000
060200800400008097015070000000800614000009030050623700008000051009006203270340060
709160005030080470008002100000200038580090000400500769200004600000700001010850002
020087009000010306800009400087040690406020005000500800005001704390060200104350000
400001059080000000100703620042000030058019040300020806000830000010500074709060002
065900000030078400001020706000090840006004502380007000002010980900460307000500601
003050006800700040020901000910480370607590008400000002076130050150048000000000290
080205940006000825030040000070000001009834560004706000320001009000090700100650230
004100050900200608301000070020040080040005700050790203000506900630009021007000804
930080000047200090080350006000190003068700400001002507400800620000061070075004001
067090030020000604500380010000205000010000920850974000600000470090100283003040100
209360850510090300070000040090006000802039000050401008004002900086705103700000000
009007053001406000050089260000000502806500100023000004300200807040095000700031900
000704085700890016020010000800003000005620300604000701290050604041009050000307000
006370190050400030000059208100000000239100070067008050004006703020007064001030900
000010700003020050765000009000154600021030040000900008008005901536000070049860200
012000040084520013300700000027030500906000080100090402000008090600007058045160200
068009050401050030007342000040008090700003205006900780004100609203607000010000800
003740600090030520780120004070256009010000360002000000860300170500401803009000000
906100050047000028000674003000008005019700000260030070305900006024005090000423007